-3.936930160765395037e-02 5.489841332935983115e-03 1.006055506365501340e-01 2.089000944025458384e-01 -5.601794692685547750e-01 1.960972678252056456e-01 -3.057466627267830250e-01 2.309406068587084304e-01 1.143717693871277863e-01 5.237807927739357439e-02 5.967126164291907120e-01 2.020696810768213281e-02 1.000000000000000000e+00
-6.011713261828671717e-01 1.484664984891970740e-01 3.466880819606631969e-01 -5.447534193641264677e-01 -8.702157245408079222e-02 2.995419253204376075e-01 1.872345076806836706e-01 -2.696351397334079691e-01 -5.312183264312321240e-01 3.095219546903107966e-01 2.430292192263054374e-01 -1.706569749986878992e-01 1.000000000000000000e+00
3.162584529096574837e-01 -3.202859716210815777e-01 -4.877607735159264490e-02 -1.173226622128889507e-01 -3.797819209083384551e-01 3.325304934558254849e-02 1.596146994900489169e-01 -1.535756809940875545e-01 -2.190761620098498064e-01 -8.592265694035622348e-03 8.724104714992151344e-01 -5.859666152982190290e-01 1.000000000000000000e+00
-5.673916435019670246e-01 1.047308791836387698e-01 -1.152104794901914753e+00 4.024139746764309189e-01 7.125603288642061717e-01 -1.511777513979396526e-01 -2.346504447337325050e-01 -3.133174004210426133e-01 -1.076713416870684753e-01 -8.556583112007771774e-01 2.134657354353990399e+00 7.197897331350236461e-02 1.000000000000000000e+00
2.590921473504262385e-01 3.706705586616712012e-01 -2.021123819629541685e-02 5.582635651762066775e-01 7.190198209964593357e-01 3.564248311413725778e-01 -1.774024798233728994e-01 -1.307202765234030117e+00 -4.076146091500765789e-01 -4.793892537821159427e-02 8.920030214129306412e-01 -9.353072628386307000e-03 0.000000000000000000e+00
-3.876755804547336592e-01 3.615809841917385081e-01 1.597483526385068409e-01 1.782112970530215779e-01 4.415416507318548761e-02 -3.310160117624721399e-01 2.170450385024392387e-02 -4.240464229278590458e-01 2.979963419437518524e-01 -2.355911246947196488e-02 2.029479609273551477e-01 1.129567542929775237e-01 1.000000000000000000e+00
6.488591376009107681e-02 5.862826956949244300e-02 -3.522689231044324187e-01 -5.832957607010936796e-01 -2.320628447310680298e-01 4.083854940167642167e-01 -2.574016071499245495e-01 -2.753585277333203685e-01 -2.410607868678750487e-01 -2.630749959531992754e-01 1.333974528585688102e+00 2.970928972536174273e-03 1.000000000000000000e+00
-4.914164416341710445e-02 5.403321451938030151e-01 -1.220292312679120833e-01 8.467680015411775674e-02 5.896586864999553423e-02 4.168266377341773299e-01 -6.464400656653114252e-01 -4.115536302579854144e-01 -6.639409883070016560e-01 -8.388414264032960366e-02 -4.772049013599452549e-01 6.045664014641916051e-01 0.000000000000000000e+00
-1.457335257713129051e-01 2.851318132891286772e-01 6.490305668614304579e-01 3.553366307934905932e-01 6.303056576738944039e-02 7.853368081246271670e-02 -4.815341097288217131e-01 7.834978201485012783e-02 -2.696180425074949927e-01 -7.492850530006821552e-01 8.289260620326741602e-01 4.767494009204765737e-01 0.000000000000000000e+00
-2.607652550481777687e-01 1.107514636159231264e-01 -5.414813709802264174e-01 4.519097639657432275e-01 1.449786711870805767e-01 -1.777888270647537405e-01 3.166016676937920549e-01 2.160631658563577639e-01 -3.072586524252680640e-01 2.781274929958814091e-01 1.393764963676790147e+00 -1.115317891560851926e-01 1.000000000000000000e+00
4.645620896133647593e-01 -2.973066085911236778e-01 -3.629743509868173512e-01 1.756227315205255088e-02 -3.180876480775740589e-01 -9.449977062620119883e-02 5.391502332729064539e-01 8.423203924791966557e-02 -2.231241404181804333e-01 -4.536797887166856835e-01 9.131600327262852090e-01 -7.311413581924330884e-01 1.000000000000000000e+00
-6.191753403125581645e-01 -5.820798793371614877e-02 1.247507209386361282e+00 3.725563612883815989e-01 -8.099606626533768505e-01 -7.089049366190930401e-02 -5.660706815009549642e-01 1.313401450227879852e-01 -2.764063972373694833e-01 7.228043019993217466e-02 1.506720832155385104e+00 -4.523221189333825887e-01 1.000000000000000000e+00
-4.031987918586432129e-01 1.970625507880953697e-01 -2.538071542325330276e-01 7.601708145967693842e-01 -1.829334527151148526e-01 -8.980083548118544812e-01 4.997214167203563595e-01 1.168626349628555661e-01 4.463894759060160755e-02 1.769287267067035374e-01 1.735194328536948216e+00 6.448578680536254382e-01 1.000000000000000000e+00
7.926874207569267750e-02 -1.159405060535282223e-01 3.110254391046360367e-01 2.868346722972527352e-01 -5.213938148831011310e-02 -3.644384159839870740e-01 -3.693552560493932879e-01 3.694875767954647894e-01 1.358305834600114781e-01 5.083901896939384546e-01 -5.648452239172396805e-01 1.121458196899137283e+00 0.000000000000000000e+00
-1.554311805327008578e-01 4.331698413542964810e-01 3.630282984866318730e-01 9.118401804401232713e-01 -5.984663514399403417e-02 -1.328623710421552584e-01 5.470143227712797040e-01 -3.911195217688310799e-01 4.104018057758604954e-01 -4.272724787113008071e-01 1.385419488285092093e+00 -7.655950068006853737e-01 1.000000000000000000e+00
6.914817232890346776e-01 -5.589480580947870925e-01 -1.999285360600838446e-01 -1.085746932517452468e+00 3.728098412713611864e-01 2.416423040788550081e-01 -5.419902839541573814e-01 -3.785738860054000954e-01 7.947221568414583603e-02 3.807339792963817526e-01 1.024953020048192442e+00 -7.555035173908953849e-01 1.000000000000000000e+00
7.046521769208810015e-01 -9.673124881596879224e-04 -1.249596201834729525e-01 5.076652078699737114e-01 -3.877859639570339079e-01 -2.301091273510446344e-01 -2.090754290617312661e-01 1.654577857556130682e-01 -1.740739666237169359e-01 -5.387312327366013953e-01 1.632878950757635783e+00 1.588673269560458845e-02 1.000000000000000000e+00
1.140430498070881538e-01 2.423502319812907424e-01 -3.871687636029870483e-02 5.784466882165161250e-01 1.246479666357297456e-01 6.732424149717461948e-01 -3.058674653463740456e-01 5.659668568785053422e-01 5.064245201797251683e-01 -3.991543492517076741e-01 4.560622949090681333e-01 -1.033841064681489397e-01 1.000000000000000000e+00
1.886243975950824547e-01 3.005952504002891157e-01 -6.805740136145400632e-01 1.017456876158150614e+00 1.536499457235194765e-01 -5.179637168739352759e-01 -1.181940802848900240e+00 2.529768473042262045e-01 3.771579576218836438e-01 2.176135024604307910e-01 8.645991312652960836e-01 1.696376630350791559e-01 0.000000000000000000e+00
1.335443260053004455e-01 1.529005482863536880e-01 1.619930218509110509e-01 -4.107613206163479025e-01 -6.135863916624417075e-02 -1.228975662046611905e-01 -9.600338627827135207e-01 6.893102140499018926e-02 -4.831468118918623711e-01 -9.567950977514029232e-01 -1.209906165674587419e-02 1.194122941824738326e+00 0.000000000000000000e+00
4.454605112074221940e-01 -2.969419101226282720e-01 7.447331685140482493e-01 -1.422097064601576255e-01 -4.713801628510581598e-01 -2.355673479319927294e-02 2.923406493104751536e-01 4.948889217980372845e-01 -1.418964816310647192e-01 -7.503462938846539032e-01 -6.988570542451155720e-01 2.228640123653645722e-01 0.000000000000000000e+00
-2.580373566388220463e-01 5.213268208987601460e-01 -2.352068816600672366e-02 3.741198683532687141e-01 -4.390004262507272159e-01 -3.689784489856722804e-01 -3.192187070982266395e-01 5.481395516024685222e-01 -2.316347879895476469e-01 2.151124849774856684e-01 1.032474138370299777e+00 -4.204123163801358198e-01 1.000000000000000000e+00
5.574926292671929240e-02 -1.915021143684416671e-01 -3.307798094558592750e-01 -2.040644236963441438e-01 5.595552651626685935e-03 3.406620822956449302e-01 2.498485983399079680e-01 3.971824200442144459e-01 -3.178357304600251121e-01 -2.759180305556495627e-01 -1.719527588915949479e-01 9.746995849845606630e-01 0.000000000000000000e+00
2.029145134720178323e-01 -5.184597549545750805e-01 -3.698108930361506674e-01 4.990845082396388153e-03 2.219672545427604504e-01 1.088532480284466752e-01 6.348113159422458240e-01 -3.842535933722933117e-01 2.894336383078597308e-01 -2.562711356922792727e-01 -4.351706260637583368e-01 5.830243470473109868e-01 0.000000000000000000e+00
8.647747976931223768e-01 -7.961679456688780521e-02 -4.462301401762678310e-01 -1.932462677185210753e-01 1.277165401139088996e-01 -9.420704293488370296e-02 1.087725836064634549e-01 1.654506529440036289e-01 -3.798391922569047119e-02 5.416557446427160416e-01 1.680480245929418803e+00 -5.590415236071095695e-01 1.000000000000000000e+00
-4.684276723580368951e-02 4.549180802987433658e-01 -4.179808303670722869e-01 -2.893491476226121017e-01 -5.462550889009631927e-01 -2.995174817625975150e-01 5.408861057039927589e-01 5.174813424365781733e-01 -4.783576070492678856e-01 1.486870753911123111e-01 5.333909441370313642e-01 -1.588751334329719933e-01 1.000000000000000000e+00
-5.352349575850852414e-02 -3.033907907655910563e-01 -2.544372596763623262e-01 7.355136807034541591e-02 4.706128740705541325e-01 -4.124957057865965560e-01 -3.132311681501015466e-01 -2.133370195304762906e-01 -1.550573255493261637e-01 1.709946571935333781e-01 2.238042613408784298e+00 -1.287283893504357901e-01 1.000000000000000000e+00
1.248464551045219140e-01 3.913260586070242408e-01 -2.399433860234069515e-01 1.887530714241592855e-01 -1.616167006008493168e-01 -5.251865284560434111e-01 -9.866440980560650664e-02 -2.623985039615337467e-01 -6.753422380257785296e-01 -8.937705437055118440e-02 -9.802372920192672368e-01 1.280253608564672352e-01 0.000000000000000000e+00
-1.779835364453760116e-01 -1.800386862125615828e-01 -3.319283784716153818e-01 -1.266911945832275566e-01 3.015366350245186622e-01 3.484701439607255091e-01 5.239835794805136615e-01 -1.786471812831073314e-01 -3.523045951700204959e-01 4.193964189215661498e-01 3.892033466763913929e-02 3.852332853877539209e-01 1.000000000000000000e+00
1.823667904832442510e-01 -2.884974862687436081e-01 8.221345636289725464e-03 -9.184465170351713281e-01 6.340301178069581711e-01 -3.935972858136634334e-01 1.943986155306363928e-01 3.286039848975598754e-01 2.977260278777760227e-01 1.358758112987372146e-01 1.143486830886200512e+00 -3.877226789344117019e-01 1.000000000000000000e+00
-3.873734752388579561e-01 3.590236389086705060e-01 -3.723537777637339063e-01 -6.313981056550415083e-01 -2.809222047799935229e-01 2.036715923475380594e-02 8.034777975993639965e-02 3.804244266280006753e-02 -8.696103221620894719e-02 -2.275902941264531243e-01 1.632659952526789748e+00 6.734414494890030856e-01 1.000000000000000000e+00
-4.710730145829808979e-01 -4.821982960368205728e-01 2.928037743929305381e-01 -3.153824299306270396e-01 -4.430208529451893362e-01 -4.609192381356087553e-01 2.616554080703571983e-01 -4.168839969022894443e-01 -4.680160132301308673e-01 3.380546323045083290e-01 -1.346530179532668070e+00 -5.018119958548498266e-02 0.000000000000000000e+00
-1.940790385052901246e-01 4.337347816966884845e-02 1.718074877913644827e-01 -7.558686777991767691e-01 -3.761911300303760197e-01 6.379963530916775427e-02 -2.333281348747325845e-01 -1.088583142401454262e+00 1.167279736102955490e-01 8.422680258810308906e-01 -1.417181844017628423e-01 2.640141050529601352e-01 1.000000000000000000e+00
3.020150450248428389e-02 -7.662206710032776202e-01 2.694749273395587452e-01 6.182451356215219462e-01 -3.492547968129016134e-01 2.011552162910768549e-01 -5.810600359500165402e-01 1.009457622105015412e-01 1.153208850635589339e-01 -2.230236531371540265e-01 -2.288798570327662818e-01 1.100122691715722967e+00 0.000000000000000000e+00
-7.441250471844688130e-01 4.996538040641526068e-01 -5.087598475996061298e-01 3.590527312234366164e-01 6.435009660421321664e-02 -3.551520274591024595e-01 -3.484974209172830156e-02 5.941403619500397471e-02 2.132777670200090500e-03 -9.947766382058917944e-01 -6.354348599805934583e-01 3.158359351159338302e-01 0.000000000000000000e+00
4.865777686233063726e-01 -5.351022848842184043e-01 -1.036804189375860885e-01 1.722267950800188685e-01 -1.793544103857784566e-01 1.895552846957147819e-01 5.210624543733895220e-03 6.268302033428228004e-01 -1.085328217255515426e+00 3.040933065057981888e-01 -9.027401013492200033e-01 2.869035023999963463e-01 0.000000000000000000e+00
-3.096664460139967878e-01 -3.089730978857023469e-02 -1.552350037788014780e-01 -8.663057904102496043e-02 -4.758219847449994266e-01 8.588287716252232529e-02 -1.786840205411760474e-01 -4.719631846008991438e-01 -1.754112407018063591e-01 7.203361048145758838e-01 8.039939516896913441e-01 6.666181865360143455e-01 0.000000000000000000e+00
5.607156483398865326e-02 2.731111008428924181e-01 -2.896048067102344747e-01 5.471546659645069033e-01 -4.195387626135078651e-01 6.220806019415595772e-02 3.506070789090831585e-01 3.210567178945594180e-01 -3.525604365771725646e-01 -5.572013555540864527e-01 2.725975614963878080e-01 8.952135725002937638e-01 0.000000000000000000e+00
1.199236110667852712e-02 1.092589560033156576e-01 2.350319473560478212e-01 -2.207481852112299081e-01 -5.986959003780206734e-01 4.164946921178821690e-03 5.527393383970838903e-01 2.135292944820141037e-01 9.105680530084803159e-02 -2.378548435029325947e-01 6.780221918833042594e-01 -5.569962523929656850e-01 1.000000000000000000e+00
-9.674308868983835796e-02 1.192207387241859123e-01 4.307909034291542705e-01 -3.740772365019192081e-01 6.365119044435159079e-01 2.483779096624202376e-01 -3.786687488938709212e-01 2.244286335860267989e-01 5.929943868122763417e-01 -4.162842746923148818e-01 9.292073858656110796e-02 1.240757338474859583e+00 0.000000000000000000e+00
-4.042101030420665042e-01 4.978172584063337291e-01 -6.115569169318767484e-01 -1.281157909213254814e-02 -6.478074842236116737e-01 2.930678942611428250e-01 -1.582270242703540664e-01 -8.377312080959552487e-01 -4.948414325431471639e-01 -2.465810700363859354e-01 6.859439169877197262e-01 5.133816673957433130e-01 0.000000000000000000e+00
-4.401988995519115488e-01 2.952336735335370221e-01 4.545465135715590077e-02 8.060853151318735088e-02 3.828772190754035076e-01 4.163827451704635862e-01 4.105485817623325540e-01 2.270075389339084870e-01 -4.786033607291732550e-01 1.876336556498560126e-01 1.077367065356114262e+00 3.312197999068671184e-01 0.000000000000000000e+00
-4.046060373383135733e-01 -9.411679706624544173e-02 2.412042104774759776e-01 1.845429186691979195e-01 -3.696120167499337139e-01 2.919543773869161529e-01 2.703323666571183503e-01 9.125049020815183543e-01 -1.860494328814964460e-01 3.885324692513590361e-01 1.044142744942351708e+00 2.282501214659071742e-01 0.000000000000000000e+00
4.933832241857946665e-02 -5.285287971374008631e-01 9.101512781404746955e-02 -1.256853195620905028e-01 5.340273895652024594e-01 1.631554836075064518e-01 -2.080943738471350279e-01 -3.717635957661500345e-01 -1.387824209913140761e-01 2.249365167604810145e-01 1.374734950819198054e-01 1.042213524512876521e+00 0.000000000000000000e+00
4.904921258893771285e-01 -4.601260201537262784e-01 -3.330712875754203162e-01 -8.091477636455211842e-02 9.094495511126315934e-02 1.043333273194730765e-01 1.083160460194482644e+00 -1.175877370153346757e-01 -7.658586177698956110e-01 5.062685354779300484e-02 -1.004496529708382768e+00 8.892956198089572162e-01 0.000000000000000000e+00
-7.517422861194930084e-01 6.629498686278937347e-01 3.187673260847370682e-02 5.264354561730459903e-01 4.136234909307311414e-01 4.415288406132216181e-01 3.315350670092200858e-01 -9.521424592321882097e-01 -1.102412197711801628e-01 -3.776799911709650126e-01 -7.073893677524372148e-01 3.251009574469411745e-01 0.000000000000000000e+00
-6.413977493930671236e-02 1.093601423759001101e-01 -7.708871142321968017e-01 3.669664465095527350e-01 3.559467219992837328e-01 -1.809448044376144871e-01 2.176063827221764724e-01 2.764191403638489031e-01 2.833989572524604067e-02 -4.285537825497816589e-01 1.126942261146428592e+00 -4.099359572883858882e-01 1.000000000000000000e+00
-1.756029450996236529e-01 4.318902649736378052e-01 -3.655086491320398978e-01 -3.644579179158013438e-01 3.626313341016256658e-02 5.212011816684307686e-01 -3.325131573354256909e-01 -2.384501993866326996e-01 -1.357448510009408860e-01 3.845086808104026810e-01 2.242294199579242808e-01 7.752688152161901769e-01 0.000000000000000000e+00
-5.693533815643154750e-01 2.547067076361139715e-01 1.069256965141357069e-01 2.923753025131898831e-01 -5.576454441036460263e-02 6.452461198322501090e-02 -7.562906829180832124e-01 -3.499338345294771280e-01 1.733711002602192353e-02 5.421111424555812297e-01 5.693700937750767466e-01 6.337406467150088485e-01 0.000000000000000000e+00
-3.527221468899540135e-01 -5.457349514092420251e-02 2.280365338034705536e-01 1.963392933422115905e-01 3.049716292764735326e-01 6.321096878715284362e-01 -6.338913116068219111e-02 -1.565484135823619061e-01 -2.078619790087247177e-01 -3.482141369780003548e-01 5.973971332594005812e-01 -9.935631307708224780e-01 1.000000000000000000e+00
3.967061455227437472e-01 3.312186657500637565e-01 -3.443610390957279471e-02 -5.116936935406452003e-01 1.932946840379007325e-01 -1.279151904657519281e-02 3.024420707730616220e-01 3.947389217237063375e-01 2.406077998773616666e-01 -2.937771266338013998e-01 -5.231974547920962282e-01 1.109025395184976448e+00 0.000000000000000000e+00
-4.135905208686450063e-01 2.225912699010793860e-01 6.597386228190535440e-02 -2.014598812385947346e-01 -4.698650303389704241e-01 1.173214932299638802e+00 -4.226486723537777879e-01 -2.145342657380424484e-02 3.039606654992428880e-01 3.663525792594175545e-01 1.639159984518030466e+00 -1.305568541622544876e-01 1.000000000000000000e+00
-2.958863428301524157e-01 4.146231764079452708e-01 -4.454372808086093372e-02 -1.279004464533071705e-01 9.314423579566223632e-02 -9.116327896683631971e-02 3.532853186390780276e-01 -4.691532373240192566e-01 2.673814308337892909e-01 3.934052108594767727e-01 1.374724375982704361e-01 6.011822639728643392e-01 1.000000000000000000e+00
1.189492936397476275e-01 -2.697996919347045441e-01 -3.282129829821356370e-01 1.985408673353861175e-01 -2.277054947455024736e-02 -4.256049123949701835e-02 2.872823102442456089e-01 -6.770447831744710321e-01 -2.130354121888879682e-01 1.603937859785450337e-01 -1.805713329988896110e-01 -4.564796809708501213e-01 1.000000000000000000e+00
5.144067592126145838e-01 -2.865264430464252166e-01 -3.921041995974638983e-01 -1.259339788955348427e-01 -5.242761973425519306e-01 -3.504986403711771725e-01 -7.902456512641081732e-01 -9.145389646381713034e-01 4.877627439146625665e-01 1.413676154187583911e-01 6.440685722633030519e-01 7.779582871802758204e-01 0.000000000000000000e+00
1.098078656906224526e-01 3.249920514557033679e-01 6.010752072809268098e-02 1.841305338907515132e-01 -8.658694717311062050e-02 7.869813611287773680e-02 -2.799114320132407019e-01 -1.302194022142519891e-01 4.095075713603913425e-01 -5.108017182007023038e-01 1.037379947484662557e+00 -4.722532843702119398e-02 0.000000000000000000e+00
-8.105916970252885490e-02 -1.207647227857447270e+00 -4.402683105915901618e-01 -4.806080285214137104e-02 1.201819316160533530e-01 3.452356955543522399e-01 -2.642344254139823989e-01 -9.020193226759639638e-01 -7.640258110077572384e-01 -1.046045893194373022e+00 -2.429671521847067139e-01 1.107751950504673566e+00 0.000000000000000000e+00
2.889881898770200741e-01 3.378484762750952886e-01 -8.708606729602399454e-01 -1.911832871586921501e-01 4.207880988872505501e-01 1.961596551222285489e-01 -9.106717875367170700e-01 2.755697018172911187e-03 -1.832333595824197914e-01 -3.489751324741961480e-01 -1.008848267552556965e+00 1.209390107695096639e-01 0.000000000000000000e+00
-3.270199092490849724e-02 -1.337352937409569675e-01 3.128007441896878821e-02 -1.914217231393535723e-01 7.116756926753124712e-02 -1.033030754576985538e-01 -7.444199856682152117e-01 1.068491899604686463e-01 -3.668990464756778213e-03 -8.896467084408687942e-02 -5.708342735415234959e-01 6.473346684556292585e-01 0.000000000000000000e+00
-1.270933930941488821e-01 1.032481816944848668e-01 -1.188775867608452552e-01 5.758387507530635108e-02 8.373238667621475326e-03 -1.303346186074098856e-01 1.719263816072018058e-01 7.236112209096899617e-02 4.309006095421260563e-01 2.779832250620598022e-02 1.937089159445724906e+00 1.353362305208504202e-01 1.000000000000000000e+00
6.409617883814813233e-01 1.585830986481508442e-01 -8.656430657514110763e-04 -4.901244430417360798e-01 -3.119614692567924674e-01 3.305947431762183975e-01 -2.049957210760430248e-01 -1.122688112388444889e-02 1.085984296018434714e+00 5.316322442793158104e-03 -4.213172943254901992e-01 7.584292228887903331e-01 0.000000000000000000e+00
2.886766604352429266e-01 4.416580139098202906e-01 5.862539942568291140e-01 2.139165269856136975e-01 3.880653101871209820e-01 -4.440727948956674220e-01 -5.434116801328339741e-02 -8.650087160851287899e-03 -4.312515929887714150e-01 6.194279705345807630e-01 2.082139408986636298e+00 2.209745023303523737e-01 1.000000000000000000e+00
3.220277012223735080e-01 5.624922939454585213e-01 -4.744225136422827172e-01 1.943166770308942248e-01 -5.565537122608832377e-01 -1.185644688294099081e-01 -6.216032131647781789e-01 1.468711511795854630e-01 1.162698771932755976e-01 -5.108465175041089212e-01 1.860493530487504765e+00 1.669361838239168394e-01 1.000000000000000000e+00
1.862202864277254927e-02 8.484473367457433246e-02 -7.958671837092122503e-02 -4.279247250732662877e-01 -3.195703434072480476e-01 4.994688104220962876e-01 2.187167520216447003e-01 -2.406150122957123952e-02 1.248991010730651774e-01 1.396916004292226843e-01 1.604176885440626199e+00 1.122318645296973283e-01 1.000000000000000000e+00
1.805591365644035329e-01 -5.229562049417683239e-02 2.543364463221458108e-02 2.214247688776049480e-02 4.730718760758635399e-01 3.438409862803457062e-01 -1.319049536506720077e-01 -3.493578703769950056e-01 2.268561918260866561e-01 1.349036812816884756e-01 2.262424664280195064e+00 3.383724631735245958e-01 1.000000000000000000e+00
1.355176385650473485e-02 1.611242973456580019e-01 2.141405224496985282e-01 3.883992244951270378e-02 -7.278545647135718777e-02 -9.190350826826565456e-01 5.433316440656876800e-01 3.530700130943881243e-01 -2.456143351279917730e-01 2.905205959001905813e-01 1.399280343062193621e-01 -9.181686759243869178e-02 1.000000000000000000e+00
2.180458835269768747e-01 -3.621418205607008223e-01 6.930394325894798646e-01 -5.261874307211169555e-01 -2.593101395040552926e-01 3.290562773825821963e-01 -3.582853659749080655e-01 -1.195566581355699820e-01 -3.340081765475039211e-01 -6.867026147860880725e-01 1.675639495341177065e+00 -4.596507656620665849e-01 1.000000000000000000e+00
3.203734132638804133e-01 -3.323234062423037205e-01 -7.623467216537431479e-02 -3.904945839568008115e-02 1.561383873779114695e-01 2.150552660640497882e-01 -9.804430451717509321e-02 4.208198902199372649e-02 4.141287135816778403e-03 3.701992057124369739e-01 6.283593873060093760e-01 4.495653987284562447e-01 0.000000000000000000e+00
-2.196131628293801485e-01 -4.633321394082615119e-01 -4.331547959061106678e-01 -7.208954285092286640e-02 -6.443470033159915539e-03 1.015559983736924465e+00 5.262138563174556527e-01 -2.447441435820536249e-01 1.769071921866327557e-01 2.736246401424026475e-02 7.024328191302536828e-01 6.462059329246112593e-01 0.000000000000000000e+00
4.753614276731796262e-02 4.973281144379501639e-01 -4.109387130104214525e-01 -5.690985177499742198e-01 6.254743182738464746e-01 4.247698759850666583e-01 5.209481112289729987e-01 -6.898714010493469662e-01 1.123199242264640713e-01 -7.270336452921264403e-01 9.826113901508162218e-01 3.273406472036314296e-01 0.000000000000000000e+00
-5.420973925351674216e-01 -5.335447883290779236e-01 -6.916386376105121414e-02 8.259721083556335886e-02 -1.325219267537537604e+00 4.144881657072339021e-01 -8.087361232014447232e-01 2.672022080757743279e-01 5.927800032934199548e-02 9.264248814368972185e-02 7.857280131993952255e-01 1.076965414629501572e+00 0.000000000000000000e+00
-5.491239694407872296e-01 -1.190092222302965075e+00 4.195433202297687014e-01 -7.780215578700411250e-01 -1.814135405779435661e-01 -8.819161999714301634e-03 -6.654861488460718510e-02 -5.634757762878747078e-01 1.767798186889388279e-01 9.959757169784649866e-02 7.595457723394450911e-01 -3.492940228149568616e-01 1.000000000000000000e+00
-1.200813945942108552e-01 -2.186188097182271139e-01 3.784249705887550164e-01 -1.693580825444371274e-01 5.879293379191782298e-01 3.980673832221628405e-01 5.303896928154697848e-02 -1.692297654149871045e-01 -2.041451471290224584e-01 -3.179762137400564681e-01 -5.905795985925859082e-01 5.454570199863215674e-01 0.000000000000000000e+00
1.123038016461255784e-02 -4.648862794935669784e-01 -9.829246863564433667e-01 -2.333666893601246128e-01 3.722308205056427260e-02 -3.905932028916736520e-01 4.387962369278396446e-01 5.098275139690132685e-01 4.107455513347152420e-01 -3.347297385553585913e-01 1.861978382739870153e+00 3.649460946738109501e-01 1.000000000000000000e+00
8.517253123400435333e-02 -5.261460095850876290e-02 1.856975124505358954e-01 -7.195701600400690179e-01 -1.832363646391270973e-01 -4.311615297752146581e-01 -4.193079760386881905e-01 1.106362401855932598e+00 2.867311049550604340e-01 -3.139857159894977601e-01 1.142908632463056073e-01 7.298014363833389417e-01 0.000000000000000000e+00
-2.142679420937945722e-01 5.046692898988172082e-01 -5.634804754280343664e-01 2.066517501107117960e-02 -2.780153780322991985e-01 1.160287723879193100e-01 -4.206186510219019070e-02 1.008237296871696866e-02 6.913604250783021987e-01 6.362233601623705770e-01 3.846165001779506820e-01 1.030353926009575927e-01 1.000000000000000000e+00
3.669291274365331090e-01 -8.188523316448152733e-02 -7.410170903694305311e-01 9.436254861803675120e-02 2.717275166059411884e-01 -3.187680701617062046e-02 2.756068367102381678e-01 -1.603412768198839711e-01 -5.373042455890593150e-01 3.659030245852075147e-01 5.707940876356258908e-01 -1.573367471349420288e-01 1.000000000000000000e+00
3.267189244200296439e-01 -1.236155401942895388e-01 3.683806619636741109e-02 1.372878105292020812e-01 1.710690265726510229e-01 3.114641320045141715e-01 -4.991553903217367250e-01 1.376320592821143052e-01 -5.192481104609247139e-02 5.463919083088073503e-01 2.507735951578810574e-01 6.522035949885270911e-01 0.000000000000000000e+00
1.740102339764372508e-01 -2.428310151071494394e-01 -2.268613248322856046e-01 -4.526352856112331735e-01 -2.077938837914735104e-01 -6.547528100426058817e-01 5.203051938574139446e-02 -4.467073288431570866e-02 5.548498052108827849e-01 -5.385105924379857134e-01 4.291515050888756733e-01 9.801683343953009331e-01 0.000000000000000000e+00
-2.971805253065994967e-01 5.542108048619198007e-02 3.046927765629410811e-01 1.721127098040146630e-01 -1.536476246900868869e-01 -1.087811593320497710e-03 1.770534207508119573e-01 2.906550077872578353e-01 5.531190630760151050e-01 -5.192719034172704751e-01 -6.619030610658671598e-01 2.914945331749260182e-01 0.000000000000000000e+00
1.481189284526039929e-01 -3.628862134460013600e-01 -3.030003978317231950e-02 -3.838524250622785128e-01 -1.010126298617789464e+00 4.909504554590145564e-01 -3.738918235683710151e-02 -1.159305024425647153e-02 -7.755209996525126714e-02 7.233356000949894837e-02 4.714115771694586399e-01 1.353496955777852562e-01 0.000000000000000000e+00
-4.668530056930713518e-02 -3.246155726900360611e-02 -1.231222879847891499e-01 9.228325016510857681e-02 1.018391639580910946e+00 4.928581911455340303e-01 8.238828983455791510e-01 6.839210190825215085e-02 4.915182894623686960e-01 -1.021959248465198256e+00 2.922475387259040325e-01 -5.121129273165042628e-01 1.000000000000000000e+00
6.589368655001385244e-01 2.766060969090983757e-01 -9.867593586296774522e-01 -2.688582370333919003e-01 -6.345496017520302345e-01 6.974527404049607471e-01 -3.431199569061920696e-01 -2.903227919915645772e-01 1.579915211774737260e-01 2.191564935399931413e-01 1.465264565655240547e+00 -1.665140807973769510e-01 1.000000000000000000e+00
8.140668232834963325e-03 3.738811480834558498e-02 3.203240980429186702e-01 -1.709522328817277004e-01 -5.172235501460094032e-01 -2.212371621103275121e-01 5.315765311622419054e-01 -3.768871815123151642e-02 -2.456779011056434148e-01 -2.375238849341649028e-01 9.606719568986428204e-01 -4.466324910058122044e-01 1.000000000000000000e+00
-4.930200817894865861e-01 -5.188710233456780285e-01 -1.550326722770666021e-01 6.991715024362434860e-01 8.895095777789721048e-01 -3.614789729313437894e-01 -3.383158914378773478e-03 4.044298125833143409e-01 -7.255387788932080584e-01 -5.871373282629130941e-01 6.723281057170289454e-01 9.535219110202733939e-01 0.000000000000000000e+00
-2.336266831872692018e-01 4.391431662073431719e-01 -1.550098456711400119e-01 -5.411967548886700285e-01 4.214098140933617009e-02 2.745843898294250685e-01 -1.803108715648607807e-01 1.690886925693242671e-01 -5.655780478446851278e-01 -5.722451800600401040e-01 -1.132689523589286706e-01 7.643555933140600001e-01 1.000000000000000000e+00
3.636930100451511993e-01 3.924632593635300065e-02 3.032798711716788720e-01 2.486338040444842634e-01 -2.521565410240381860e-02 5.385978905805587358e-01 -8.938687328731778625e-02 -1.381488784815740889e-01 -3.391114946647855732e-01 -5.487374773488366830e-03 3.200034276529560850e-01 -2.770326521640779083e-01 1.000000000000000000e+00
5.299505498694726674e-02 4.413983891966404283e-01 -7.717134278412107751e-01 -1.208452205251031447e-01 3.353577086228287651e-01 5.668280630160457134e-01 -4.600569054541400194e-01 4.528573326442313363e-01 -2.466046239271802443e-01 -2.026940517399793973e-01 1.062116380134362936e+00 -8.453837588191877028e-01 1.000000000000000000e+00
6.232747890411890479e-01 -7.277425124600160611e-02 1.034981879978406627e-01 -3.218041037530690596e-01 2.805195272953052710e-01 2.782462362236596404e-02 3.112649284123237825e-01 7.956033647307936274e-02 -1.437741510183036201e-03 -2.946509075547792955e-01 -5.609993522212413097e-01 7.247353375216514237e-01 0.000000000000000000e+00
-8.666554137284290804e-02 8.309397319237563639e-01 6.040755796414132295e-02 1.873910852889891787e-01 -1.219833514508884553e-01 2.267948948562146794e-01 -2.498930611633238541e-01 -4.589681664613683154e-02 -4.405749270025281494e-01 -6.830505589698099289e-01 2.317122199090873025e+00 1.379416488703029131e-01 1.000000000000000000e+00
2.097582849052423426e-02 -2.756667219483017184e-01 6.777402170508847190e-01 -4.457546777004028349e-01 4.666040206626410058e-01 1.277592041902021469e-01 -7.569393057059189411e-01 4.093747623882101339e-01 3.843281860987706189e-01 -2.678563961763755219e-01 -4.576444726414602426e-01 1.232245286278061958e+00 0.000000000000000000e+00
-3.361902887255546063e-02 2.262170547452579950e-01 -4.181497293790188974e-01 3.156005794521501429e-01 -2.811552031717243771e-01 -1.591336354753141169e-01 1.055229674011582963e-01 6.379182598206474264e-01 2.995995496493257249e-01 5.499234633602617661e-01 -7.685238329489337827e-01 8.928217358596577391e-01 0.000000000000000000e+00
-4.490398582759624890e-01 4.379540299268470105e-01 4.595599218201006919e-01 1.289355000123937056e-01 -2.576488956301295485e-01 -5.500588940702862140e-02 -3.771515887001828937e-01 -4.360523489736968239e-01 -3.254849584111573768e-01 -5.547474690389723323e-02 2.083588717240275612e-02 9.166223750957709360e-01 0.000000000000000000e+00
-7.100147592737587887e-01 -4.367704859958964625e-01 6.495931438910343969e-01 1.335462317671453625e-01 4.771849092300158302e-01 2.697308249147213344e-01 1.354147646095958391e-01 1.246205582236777076e-02 -2.436894073109427128e-01 -2.022058027142658032e-01 -1.729255365696673596e-01 3.122038519150151514e-01 1.000000000000000000e+00
-4.273770940950742947e-01 -9.056340992141925783e-02 4.738220891707380089e-02 -4.973789249031936865e-01 3.050852612559020183e-01 1.173601428595899381e-02 -1.735265565384253583e-01 -2.217660976250648841e-01 1.585600668649681799e-01 -1.456976838969218924e-01 -1.140263235771792616e-01 6.235872311633026133e-01 1.000000000000000000e+00
1.495173590785478235e-01 -6.305848506852467228e-01 3.893906585620162675e-01 -8.697966516792504654e-02 -1.747587787693041239e-01 -2.282579936645821039e-01 2.119259272054374310e-01 4.791451072290634494e-01 4.234953294431937909e-01 -1.077629275167735212e-01 -7.043122612606413924e-01 5.004682456991934592e-01 0.000000000000000000e+00
-1.196821840522943603e-01 8.001071103749700653e-01 1.016517641359137997e-01 5.393864363724519828e-01 5.475845855193304246e-01 -9.652817464589491525e-01 -1.745134618231663770e-01 1.518429184731892034e-01 -5.775543605037402051e-01 -2.157083531307669999e-01 -8.870862706716808876e-01 2.042486556511278195e-01 0.000000000000000000e+00
-6.560847152244103642e-01 -4.200176495515409170e-01 4.064829611575575263e-02 4.748097077455296078e-01 -4.815335388591795440e-01 -5.848338234630824362e-01 -1.335516600568310563e-01 6.326940041434946371e-01 -1.704499488476851177e+00 1.985683214934105267e-01 -2.251883696320727823e-01 -1.419174506618209319e-01 1.000000000000000000e+00
-3.195283699380286335e-01 -3.688982897231229963e-01 -1.056356035694666108e-02 -3.507888074864839306e-02 -4.121677234504728116e-01 2.709436394085921740e-01 -6.508131487253234759e-01 -1.093301479915530783e-01 2.014113418827612884e-02 8.298450320904826594e-02 1.002588555793054725e+00 2.384206748696173495e-01 0.000000000000000000e+00
-3.164979207687727558e-01 4.368558157878416615e-01 -4.764878853707060213e-01 -4.096792299114162539e-01 5.446683717852411899e-01 -5.273849280508040999e-03 3.038923742051709009e-01 -9.012065711134534807e-01 3.111090206617838638e-01 5.924686657115949551e-01 1.441226554185140341e+00 -3.286592517038485761e-01 1.000000000000000000e+00
